71984468             935441620           0
29847168               6261108           0
79475585             941241092           0
91897732             954025615           0
33397650               3911397           0
83236386             946513105           0
32821689             955248211           0
45783712               8252118           0
48184351             884716679           0
33713901               2339560           0
76388967               8094909           0
81114108               5853087           0
57263719             988736554           0
79140840             876488179           0
71378466             921051207           0
17913944             967944433           0
62566305               8206363           0
46462527               5865695           0
