                          EMPRESA COMERCIALIZADORA ABC S.A.
                                 REPORTE DE VENTAS
====================================================================================================
INGRESOS POR PRODUCTO
No.           CODIGO          PRECIO          CANTIDAD VENDIDA          MONTO RECAUDADO
01)          118050            20.00                 8.64                  181.00
02)          126218             5.00                 5.23                  29.00
03)          132999            25.00                10.00                  261.00
04)          151641             9.00                23.00                  227.00
05)          162581             4.00                13.00                  55.00
06)          168505            26.00                17.00                  464.00
07)          170844            16.00                11.79                  194.00
08)          172692             4.00                 5.00                  27.00
09)          178097           270.00                13.00                  3656.00
10)          179485            25.00                11.68                  293.00
11)          182942            28.00                 6.00                  196.00
12)          200984            10.00                 5.00                  55.00
13)          204890            19.00                 9.45                  182.00
14)          219619            14.00                 4.00                  70.00
15)          244316            18.00                10.00                  198.00
16)          248223            39.00                 3.00                  138.00
17)          283781            13.00                 7.00                  104.00
18)          308982             5.00                 3.00                  17.00
19)          311343            23.00                31.00                  726.00
20)          317404            10.00                 4.00                  46.00
21)          336973            19.00                 9.00                  175.00
22)          342342            15.00                11.00                  172.00
23)          374253            13.00                 0.00                  2.00
24)          374588            18.00                 8.00                  152.00
25)          387889            80.00                13.00                  1129.00
26)          390920             5.00                 3.00                  20.00
27)          397718            16.00                 2.00                  35.00
28)          406688             5.00                 3.36                  18.00
29)          411461             5.00                 6.00                  36.00
30)          412041            14.00                22.00                  335.00
31)          415932             7.00                12.00                  94.00
32)          422763            13.00                 6.00                  89.00
33)          423073           350.00                 4.00                  1414.00
34)          428331            10.00                10.00                  108.00
35)          434681             5.00                13.00                  78.00
36)          444809            43.00                 4.00                  213.00
37)          455703             6.00                30.00                  209.00
38)          459032             5.00                 5.00                  28.00
39)          462755             4.00                 8.00                  38.00
40)          469016            15.00                 9.00                  151.00
41)          485302             6.00                 5.00                  40.00
42)          499460            29.00                 2.00                  62.00
43)          501182            21.00                 4.00                  102.00
44)          511824             5.00                 9.00                  54.00
45)          520755            71.00                 4.00                  311.00
46)          565169             3.00                23.00                  72.00
47)          582920             4.00                 5.00                  25.00
48)          588754             8.00                 0.00                  5.00
49)          613623            18.00                12.00                  219.00
50)          620036            63.00                21.00                  1345.00
51)          630286             8.00                 5.00                  44.00
52)          631403            25.00                13.00                  333.00
53)          632129            24.00                 5.00                  128.00
54)          690039            10.00                11.00                  128.00
55)          691890            42.00                 6.00                  286.00
56)          696000            40.00                 6.00                  251.00
57)          714788             9.00                24.00                  233.00
58)          725312            14.00                10.00                  158.00
59)          731238            66.00                23.00                  1551.00
60)          734432            50.00                13.00                  688.00
61)          734979            25.00                 7.00                  190.00
62)          744237            17.00                11.00                  200.00
63)          748008             8.00                 4.00                  40.00
64)          748899            10.00                13.00                  139.00
65)          753496            25.00                 1.00                  32.00
66)          778066            18.00                 1.00                  18.00
67)          788630            28.00                 1.00                  29.00
68)          793026            25.00                15.00                  407.00
69)          825712            17.00                 9.00                  160.00
70)          826317             7.00                 3.00                  28.00
71)          874503             9.00                 8.00                  76.00
72)          874884             6.00                11.00                  75.00
73)          880988            11.00                 7.00                  87.00
74)          882099            13.00                 6.00                  92.00
75)          891590            30.00                 7.00                  235.00
76)          900698            19.00                 2.00                  53.00
77)          923804             5.00                 6.00                  35.00
78)          925916             4.00                 8.00                  40.00
79)          927404             8.00                14.00                  123.00
80)          942003             8.00                 8.00                  74.00
81)          948168            15.00                 9.00                  140.00
82)          961627            16.00                 6.00                  103.00
83)          961802            45.00                 2.00                  110.00
84)          992564            20.00                 9.00                  194.00
85)          994185            95.00                 4.00                  428.00
86)          997564            16.50                 5.00                  90.25
----------------------------------------------------------------------------------------------------
                                                          TOTAL RECAUDADO: 20848.26
====================================================================================================
INGRESOS POR CLIENTE
No.           DNI               TELEFONO          TOTAL GASTADO
01)          33397650               3911397           4927.00
02)          91897732             954025615           2496.00
03)          29847168               6261108           2114.00
04)          46462527               5865695           1247.00
05)          17913944             967944433           1078.00
06)          79140840             876488179           935.00
07)          48184351             884716679           931.00
08)          76388967               8094909           884.00
09)          57263719             988736554           884.00
10)          81114108               5853087           831.00
11)          33713901               2339560           824.00
12)          71984468             935441620           660.00
13)          62566305               8206363           619.00
14)          71378466             921051207           576.00
15)          32821689             955248211           560.00
16)          45783712               8252118           531.00
17)          79475585             941241092           398.00
18)          83236386             946513105           388.37
----------------------------------------------------------------------------------------------------
CLIENTE CON MAYOR GASTO: 33397650 - 4927.00
CLIENTE CON MENOR GASTO: 83236386 - 388.37
