                          EMPRESA COMERCIALIZADORA ABC S.A.
                                 REPORTE DE VENTAS
====================================================================================================
INGRESOS POR PRODUCTO
No.           CODIGO          PRECIO          CANTIDAD VENDIDA          MONTO RECAUDADO
01)          397718            16.98                 2.09                  35.49
02)          793026            25.86                15.76                  407.55
03)          317404            10.89                 4.27                  46.50
04)          874884             6.72                11.30                  75.94
05)          428331            10.85                10.01                  108.61
06)          200984            10.77                 5.11                  55.03
07)          374253            13.81                 0.17                  2.35
08)          511824             5.88                 9.34                  54.92
09)          342342            15.07                11.45                  172.55
10)          630286             8.73                 5.06                  44.17
11)          374588            18.07                 8.43                  152.33
12)          168505            26.76                17.37                  464.82
13)          132999            25.15                10.38                  261.06
14)          455703             6.88                30.43                  209.36
15)          308982             5.29                 3.30                  17.46
16)          423073           350.22                 4.04                  1414.89
17)          748008             8.23                 4.93                  40.57
18)          826317             7.58                 3.80                  28.80
19)          613623            18.19                12.06                  219.37
20)          151641             9.87                23.10                  228.00
21)          162581             4.05                13.75                  55.69
22)          118050            20.99                 8.64                  181.35
23)          882099            13.51                 6.83                  92.27
24)          411461             5.25                 6.89                  36.17
25)          387889            80.95                13.95                  1129.25
26)          631403            25.42                13.13                  333.76
27)          900698            19.26                 2.77                  53.35
28)          691890            42.01                 6.81                  286.09
29)          311343            23.27                31.22                  726.49
30)          444809            43.62                 4.90                  213.74
31)          582920             4.40                 5.86                  25.78
32)          927404             8.51                14.50                  123.39
33)          459032             5.38                 5.26                  28.30
34)          283781            13.28                 7.90                  104.91
35)          422763            13.85                 6.44                  89.19
36)          744237            17.85                11.26                  200.99
37)          462755             4.39                 8.83                  38.76
38)          172692             4.83                 5.60                  27.05
39)          588754             8.58                 0.69                  5.92
40)          997564            16.50                 5.47                  90.25
41)          748899            10.24                13.65                  139.78
42)          248223            39.84                 3.48                  138.64
43)          178097           270.88                13.50                  3656.88
44)          565169             3.15                23.02                  72.51
45)          390920             5.64                 3.60                  20.30
46)          942003             8.71                 8.61                  74.99
47)          126218             5.58                 5.23                  29.18
48)          961802            45.54                 2.43                  110.66
49)          734979            25.53                 7.45                  190.20
50)          778066            18.53                 1.01                  18.72
51)          714788             9.53                24.48                  233.29
52)          690039            10.79                11.92                  128.62
53)          696000            40.80                 6.17                  251.74
54)          412041            14.93                22.47                  335.48
55)          415932             7.68                12.28                  94.31
56)          925916             4.71                 8.54                  40.22
57)          891590            30.92                 7.62                  235.61
58)          874503             9.54                 8.02                  76.51
59)          753496            25.95                 1.24                  32.18
60)          948168            15.55                 9.04                  140.57
61)          731238            66.70                23.26                  1551.44
62)          620036            63.30                21.26                  1345.76
63)          336973            19.45                 9.02                  175.44
64)          219619            14.41                 4.92                  70.90
65)          734432            50.55                13.63                  689.00
66)          825712            17.44                 9.22                  160.80
67)          992564            20.79                 9.37                  194.80
68)          182942            28.39                 6.93                  196.74
69)          880988            11.34                 7.68                  87.09
70)          501182            21.13                 4.83                  102.06
71)          994185            95.95                 4.47                  428.90
72)          923804             5.26                 6.74                  35.45
73)          725312            14.47                10.94                  158.30
74)          170844            16.50                11.79                  194.53
75)          632129            24.29                 5.29                  128.49
76)          788630            28.24                 1.06                  29.93
77)          485302             6.68                 5.99                  40.01
78)          434681             5.92                13.27                  78.56
79)          244316            18.99                10.45                  198.45
80)          520755            71.68                 4.34                  311.09
81)          179485            25.11                11.68                  293.28
82)          204890            19.31                 9.45                  182.48
83)          469016            15.31                 9.89                  151.42
84)          961627            16.26                 6.35                  103.25
85)          499460            29.35                 2.12                  62.22
86)          406688             5.62                 3.36                  18.88
----------------------------------------------------------------------------------------------------
                                                          TOTAL RECAUDADO: 20892.18
====================================================================================================
INGRESOS POR CLIENTE
No.           DNI               TELEFONO          TOTAL GASTADO
01)          91897732             954025615           2496.75
02)          83236386             946513105           388.37
03)          81114108               5853087           831.83
04)          79475585             941241092           398.25
05)          79140840             876488179           935.57
06)          76388967               8094909           884.28
07)          71984468             935441620           660.84
08)          71378466             921051207           576.04
09)          62566305               8206363           619.37
10)          57263719             988736554           884.79
11)          48184351             884716679           931.39
12)          46462527               5865695           1247.68
13)          45783712               8252118           531.18
14)          33713901               2339560           824.56
15)          33397650               3911397           4927.78
16)          32821689             955248211           560.18
17)          29847168               6261108           2114.78
18)          17913944             967944433           1078.55
----------------------------------------------------------------------------------------------------
CLIENTE CON MAYOR GASTO: 33397650 - 4927.78
CLIENTE CON MENOR GASTO: 83236386 - 388.37
